620
8930
105600
210970
227300
236850
242760
255710
257510
264710
268910
270880
3240220
275850
289070
292030
294100
346110
367520
374320
394360
413150
427520
457140
493340
504230
526870
535930
548430
553850
588650
601150
632470
703080
739630
753640
782330
814380
835960
848450
883710
892970
949230
962130
1086940
1091500
1145360
2561580
1158310
1172620
1174180
1196590
1245620
1259420
1272080
1282100
1326470
1363080
1551360
1593500
1623730
1649080
1716740
1794680
1850570
1888160
1903340
2050650
2054970
2072450
2669320
2358720
2420110
2488620
2807960
2933620